MSE: 0.02676544338464737
PSNR: 27.76545540544142
SSIM: 0.9345795512199402
LPIPS: 0.08172683417797089
LabelMatch: 1.0
