MSE: 0.15292659401893616
PSNR: 20.19636966626382
SSIM: 0.7350776791572571
LPIPS: 0.4740031659603119
LabelMatch: 1.0
