MSE: 3.4113833904266357
PSNR: 6.711894520523959
SSIM: -0.0009008623310364783
LPIPS: 0.807481050491333
LabelMatch: 0.0
