MSE: 0.06483569741249084
PSNR: 23.923057959120953
SSIM: 0.8991386294364929
LPIPS: 0.17514318227767944
LabelMatch: 1.0
