MSE: 0.03778780996799469
PSNR: 26.267682599999876
SSIM: 0.9125687479972839
LPIPS: 0.23746487498283386
LabelMatch: 1.0
