MSE: 0.14772331714630127
PSNR: 20.346709314284084
SSIM: 0.744814395904541
LPIPS: 0.47655224800109863
LabelMatch: 1.0
