MSE: 0.08974109590053558
PSNR: 22.511286139080646
SSIM: 0.8127838969230652
LPIPS: 0.45228341221809387
LabelMatch: 1.0
