MSE: 0.2188466489315033
PSNR: 18.63980081748825
SSIM: 0.6735295057296753
LPIPS: 0.5126175880432129
LabelMatch: 1.0
