MSE: 0.041087277233600616
PSNR: 25.904126202113375
SSIM: 0.8988856077194214
LPIPS: 0.25204765796661377
LabelMatch: 1.0
