MSE: 0.19976292550563812
PSNR: 19.036050930720847
SSIM: 0.40949010848999023
LabelMatch: 1.0
