MSE: 3.694187879562378
PSNR: 6.366010035759899
SSIM: -0.0027435757219791412
LPIPS: 0.8242515325546265
LabelMatch: 0.0
