MSE: 3.732619047164917
PSNR: 6.321063147646022
SSIM: -0.0007999734953045845
LPIPS: 0.7466567158699036
LabelMatch: 0.0
