MSE: 0.023871243000030518
PSNR: 28.26244948902655
SSIM: 0.9466497898101807
LPIPS: 0.1083475798368454
LabelMatch: 1.0
