MSE: 0.017904505133628845
PSNR: 29.51157660698359
SSIM: 0.9220643043518066
LPIPS: 0.126238614320755
LabelMatch: 1.0
