MSE: 0.03425303474068642
PSNR: 26.69420927623166
SSIM: 0.9051096439361572
LPIPS: 0.11494126170873642
LabelMatch: 1.0
