MSE: 0.25924164056777954
PSNR: 17.904152215054264
SSIM: 0.5571465492248535
LPIPS: 0.4927181005477905
LabelMatch: 1.0
