MSE: 0.026572424918413162
PSNR: 27.796887940479888
SSIM: 0.9400237202644348
LPIPS: 0.10802546888589859
LabelMatch: 1.0
