MSE: 0.04057405889034271
PSNR: 25.958715274409844
SSIM: 0.9071646332740784
LPIPS: 0.30914506316185
LabelMatch: 1.0
