MSE: 0.04148736596107483
PSNR: 25.862041203717645
SSIM: 0.9113476276397705
LPIPS: 0.31426796317100525
LabelMatch: 1.0
