MSE: 0.1417289823293686
PSNR: 20.526613139280258
SSIM: 0.706959068775177
LPIPS: 0.5243900418281555
LabelMatch: 1.0
