MSE: 0.034734874963760376
PSNR: 26.633542427864647
SSIM: 0.9453161954879761
LPIPS: 0.14570781588554382
LabelMatch: 1.0
