MSE: 0.027712751179933548
PSNR: 27.61440340202672
SSIM: 0.9321112036705017
LPIPS: 0.0929749608039856
LabelMatch: 1.0
