MSE: 0.0420362763106823
PSNR: 25.804957445991473
SSIM: 0.9286654591560364
LPIPS: 0.21097023785114288
LabelMatch: 1.0
