MSE: 0.13953527808189392
PSNR: 20.594359604272707
SSIM: 0.7673583626747131
LPIPS: 0.43782901763916016
LabelMatch: 1.0
