MSE: 0.027442175894975662
PSNR: 27.6570143896974
SSIM: 0.9329609274864197
LPIPS: 0.09257596731185913
LabelMatch: 1.0
