MSE: 0.6322916746139526
PSNR: 14.0320251916158
SSIM: 0.34335607290267944
LPIPS: 0.6345014572143555
LabelMatch: 1.0
