MSE: 0.05163925886154175
PSNR: 24.91139982110584
SSIM: 0.8625586032867432
LPIPS: 0.19281917810440063
LabelMatch: 1.0
