MSE: 0.026066992431879044
PSNR: 27.880290568035875
SSIM: 0.940865695476532
LPIPS: 0.11412978172302246
LabelMatch: 1.0
