MSE: 0.03800693899393082
PSNR: 26.24257088890134
SSIM: 0.943874180316925
LPIPS: 0.13786856830120087
LabelMatch: 1.0
