MSE: 0.025382671505212784
PSNR: 27.995826533561022
SSIM: 0.9121650457382202
LPIPS: 0.12376639991998672
LabelMatch: 1.0
