MSE: 0.036050230264663696
PSNR: 26.4721193961009
SSIM: 0.9127002358436584
LPIPS: 0.15265971422195435
LabelMatch: 1.0
