MSE: 3.697254180908203
PSNR: 6.362406739353482
SSIM: -0.001396717270836234
LPIPS: 0.8060378432273865
LabelMatch: 0.0
