MSE: 0.28763699531555176
PSNR: 17.452752392339818
SSIM: 0.5349216461181641
LPIPS: 0.5225695967674255
LabelMatch: 1.0
