MSE: 0.03099474310874939
PSNR: 27.12831941481639
SSIM: 0.9501805305480957
LPIPS: 0.09725309908390045
LabelMatch: 1.0
