MSE: 0.02633032761514187
PSNR: 27.836637198064793
SSIM: 0.9404812455177307
LPIPS: 0.10311239957809448
LabelMatch: 1.0
