MSE: 0.031050845980644226
PSNR: 27.120465456241448
SSIM: 0.9501248598098755
LPIPS: 0.10082069784402847
LabelMatch: 1.0
