MSE: 0.018476411700248718
PSNR: 29.375023518160898
SSIM: 0.9202892780303955
LPIPS: 0.11718745529651642
LabelMatch: 1.0
