MSE: 0.22816717624664307
PSNR: 18.458668149675592
SSIM: 0.6473600268363953
LPIPS: 0.48017871379852295
LabelMatch: 1.0
